DT ------ E1 ------------------------------- E2 ---------------------------- E1_pert --------------- E2_pert --------------- DT/A(0)
0.00000    1.1254169910411081E-002            1.2211830089588920E-002        0.0112541699            0.0122118301            0.
0.00002    1.1273250161734779E-002            1.2232749838265224E-002        0.0112733544            0.0122326456            4.1768469515293581E-002
0.00004    1.1292124174099713E-002            1.2253875825900288E-002        0.0112925403            0.0122534597            8.3536939030587162E-002
0.00006    1.1310793392252803E-002            1.2275206607747197E-002        0.0113117275            0.0122742725            0.12530540854588074
0.00008    1.1329259506372648E-002            1.2296740493627353E-002        0.0113309161            0.0122950839            0.16707387806117432
0.00010    1.1347524441609455E-002            1.2318475558390544E-002        0.0113501061            0.0123158939            0.20884234757646608
0.00012    1.1365590346408294E-002            1.2340409653591707E-002        0.0113692974            0.0123367026            0.2506108170917597
0.00014    1.1383459579774905E-002            1.2362540420225094E-002        0.0113884901            0.0123575099            0.29237928660705326
0.00016    1.1401134697651950E-002            1.2384865302348048E-002        0.0114076841            0.0123783159            0.33414775612234682
0.00018    1.1418618438578344E-002            1.2407381561421656E-002        0.0114268795            0.0123991205            0.37591622563764043
0.00020    1.1435913708805513E-002            1.2430086291194489E-002        0.0114460762            0.0124199238            0.41768469515293399
0.00022    1.1453023567042140E-002            1.2452976432957860E-002        0.0114652742            0.0124407258            0.45945316466822755
0.00024    1.1469951208993559E-002            1.2476048791006439E-002        0.0114844736            0.0124615264            0.50122163418352117
0.0002    1.1435913708805513E-002            1.2430086291194489E-002        0.0114460762            0.0124199238            0.41768469515293399
0.0004    1.1599229162382162E-002            1.2666770837617837E-002        0.0116381149            0.0126278851            0.83536939030586976
0.0006    1.1747570385708919E-002            1.2918429614291082E-002        0.0118302796            0.0128357204            1.2530540854588037
0.0008    1.1884506083693330E-002            1.3181493916306672E-002        0.0120225645            0.0130434355            1.6707387806117378
0.0010    1.2013027163231473E-002            1.3452972836768527E-002        0.0122149644            0.0132510356            2.0884234757646736
