lambda -- E1 ------------------------------- E2 ---------------------------- E1_pert --------------- E2_pert --------------- DT/A(DT)
0.000    1.1833000000000000E-002            1.2033000000000000E-002        0.0118330000            0.0120330000            Infinity
0.0015    1.1831346596045034E-002            1.2034653403954968E-002        0.0118330000            0.0120330000            11.138258537411573
0.003    1.1826540345000906E-002            1.2039459654999096E-002        0.0118330000            0.0120330000            5.5691292687057867
0.0045    1.1818979252674422E-002            1.2047020747325580E-002        0.0118330000            0.0120330000            3.7127528458038581
0.006    1.1809166916496021E-002            1.2056833083503981E-002        0.0118330000            0.0120330000            2.7845646343528934
0.0075    1.1797591863646283E-002            1.2068408136353719E-002        0.0118330000            0.0120330000            2.2276517074823148
0.0090    1.1784666176201337E-002            1.2081333823798664E-002        0.0118330000            0.0120330000            1.8563764229019291
0.0105    1.1770712254788164E-002            1.2095287745211838E-002        0.0118330000            0.0120330000            1.5911797910587961
0.0120    1.1755973080350998E-002            1.2110026919649004E-002        0.0118330000            0.0120330000            1.3922823171764467
0.0135    1.1740629063041869E-002            1.2125370936958133E-002        0.0118330000            0.0120330000            1.2375842819346192
0.0150    1.1724813896805894E-002            1.2141186103194108E-002        0.0118330000            0.0120330000            1.1138258537411574
0.0165    1.1708627187896109E-002            1.2157372812103892E-002        0.0118330000            0.0120330000            1.0125689579465067
0.0180    1.1692143833105873E-002            1.2173856166894129E-002        0.0118330000            0.0120330000            0.92818821145096453
0.0195    1.1675420776222696E-002            1.2190579223777306E-002        0.0118330000            0.0120330000            0.85678911826242876
0.02    1.1669801034912042E-002            1.2196198965087959E-002        0.0118330000            0.0120330000            0.83536939030586799
