lambda -- E1 ------------------------------- E2 ---------------------------- E1_pert --------------- E2_pert --------------- DT/A(DT)
0.000    1.1733000000000000E-002            1.1733000000000000E-002        0.0117330000             0.0117330000            NaN
0.0015    1.1715043871640416E-002            1.1750956128359585E-002        0.0117150439             0.0117509561            0.
0.003    1.1697087743280831E-002            1.1768912256719170E-002        0.0116970877             0.0117689123            0.
0.0045    1.1679131614921246E-002            1.1786868385078754E-002        0.0116791316             0.0117868684            0.
0.006    1.1661175486561662E-002            1.1804824513438339E-002        0.0116611755             0.0118048245            0.
0.0075    1.1643219358202079E-002            1.1822780641797922E-002        0.0116432194             0.0118227806            0.
0.0090    1.1625263229842494E-002            1.1840736770157506E-002        0.0116252632             0.0118407368            0.
0.0105    1.1607307101482910E-002            1.1858692898517091E-002        0.0116073071             0.0118586929            0.
0.0120    1.1589350973123325E-002            1.1876649026876676E-002        0.0115893510             0.0118766490            0.
0.0135    1.1571394844763740E-002            1.1894605155236260E-002        0.0115713948             0.0118946052            0.
0.0150    1.1553438716404156E-002            1.1912561283595845E-002        0.0115534387             0.0119125613            0.
0.0165    1.1535482588044571E-002            1.1930517411955430E-002        0.0115354826             0.0119305174            0.
0.0180    1.1517526459684986E-002            1.1948473540315014E-002        0.0115175265             0.0119484735            0.
0.0195    1.1499570331325402E-002            1.1966429668674599E-002        0.0114995703             0.0119664297            0.
0.02    1.1493584955205541E-002            1.1972415044794460E-002        0.0114935850             0.0119724150            0.
