  1        0.00960383616734860474      -0.00210148582372423568       0.00050038827492221048      -0.00176093343979571645       0.00029563729019957527
  2       -0.00210148582372423568       0.02916806781068014692      -0.00602197593951882271       0.00145797249604717890      -0.00361335024351357604
  3        0.00050038827492221048      -0.00602197593951882271       0.04945645996389240462      -0.01124026509105253979       0.00291740364052775567
  4       -0.00176093343979571645       0.00145797249604717890      -0.01124026509105253979       0.07049133371864302333      -0.01759459333017535793
  5        0.00029563729019957527      -0.00361335024351357604       0.00291740364052775567      -0.01759459333017535793       0.09229548878578142102
  6       -0.00004091260410805329       0.00067329084295190641      -0.00586039800941310588       0.00489620622407984339      -0.02500601144911525353
  7        0.00000499114780287068      -0.00010168247474658798       0.00118765230044015581      -0.00849965726197200733       0.00741200712680908577
  8       -0.00000055465176459683       0.00001336713868362151      -0.00019300912549099017       0.00184744553836784973      -0.01152906891875620822
  9        0.00000005720594887177      -0.00000158541607220986       0.00002706129276729677      -0.00031977493668192353       0.00266041262124029187
 10       -0.00000000554132547916       0.00000017322520862130      -0.00000339876945642507       0.00004744390141764577      -0.00048663409652718485
 11        0.00000000050829452637      -0.00000001767048169174       0.00000039096723201594      -0.00000627086755857214       0.00007592989903459244
 12       -0.00000000004440415587       0.00000000169847309638      -0.00000004178896875424       0.00000075564279869134      -0.00001050884310814479
 13        0.00000000000364439961      -0.00000000015489525132       0.00000000419215556258      -0.00000008427929200887       0.00000132103375077221
 14       -0.00000000000029807875       0.00000000001347594141      -0.00000000039767472272       0.00000000879340076264      -0.00000015321066285021
 15        0.00000000000009983742      -0.00000000000112578318       0.00000000003600020716      -0.00000000086507378504       0.00000001657612713923
 16       -0.00000000000000270337       0.00000000000015439754      -0.00000000000309355805       0.00000000008075082726      -0.00000000168689544914
 17       -0.00000000000006793722      -0.00000000000000437637       0.00000000000015211060      -0.00000000000718318046       0.00000000016261078278
 18        0.00000000000000156253      -0.00000000000012336105      -0.00000000000001784894       0.00000000000059581272      -0.00000000001489882112
 19        0.00000000000004470523      -0.00000000000000133027       0.00000000000006050349      -0.00000000000004986357       0.00000000000124263377
 20       -0.00000000000000182827       0.00000000000016369774      -0.00000000000000287134       0.00000000000001797588      -0.00000000000010692363
 21       -0.00000000000001155268      -0.00000000000000002133      -0.00000000000000078772      -0.00000000000000033189       0.00000000000001991068
 22        0.00000000000000177865      -0.00000000000017791808       0.00000000000000266869      -0.00000000000001039020      -0.00000000000000265378
 23       -0.00000000000002557592       0.00000000000000120502      -0.00000000000006127978       0.00000000000000017789       0.00000000000004271988
 24       -0.00000000000000148505       0.00000000000016522245      -0.00000000000000219001       0.00000000000000486987       0.00000000000000167258
 25        0.00000000000006093260      -0.00000000000000211312       0.00000000000011802827      -0.00000000000000026721      -0.00000000000009220544
 26        0.00000000000000103351      -0.00000000000012826710       0.00000000000000145836       0.00000000000000188936      -0.00000000000000147356
 27       -0.00000000000008967841       0.00000000000000267870      -0.00000000000016183089       0.00000000000000017922       0.00000000000013174058
 28       -0.00000000000000050110       0.00000000000007259477      -0.00000000000000064053      -0.00000000000000890770       0.00000000000000051209
 29        0.00000000000010828623      -0.00000000000000289625       0.00000000000018768988      -0.00000000000000018925      -0.00000000000015565467
 30       -0.00000000000000004877      -0.00000000000000545514      -0.00000000000000018982       0.00000000000001577102       0.00000000000000020871

  1       -0.00004091260410805329       0.00000499114780287068      -0.00000055465176459683       0.00000005720594887177      -0.00000000554132547916
  2        0.00067329084295190641      -0.00010168247474658798       0.00001336713868362151      -0.00000158541607220986       0.00000017322520862130
  3       -0.00586039800941310588       0.00118765230044015581      -0.00019300912549099017       0.00002706129276729677      -0.00000339876945642507
  4        0.00489620622407984339      -0.00849965726197200733       0.00184744553836784973      -0.00031977493668192353       0.00004744390141764577
  5       -0.02500601144911525353       0.00741200712680908577      -0.01152906891875620822       0.00266041262124029187      -0.00048663409652718485
  6        0.11489221156418498448      -0.03343176682818123358       0.01048278493921318485      -0.01495011958736355145       0.00363426405910913545
  7       -0.03343176682818123358       0.13830528332113037338      -0.04284879459715142114       0.01412691033917042906      -0.01876719833955939332
  8        0.01048278493921318485      -0.04284879459715142114       0.16255898848782449062      -0.05324616971676941063       0.01836316093354554979
  9       -0.01495011958736355145       0.01412691033917042906      -0.05324616971676941063       0.18767812307078896028      -0.06462111203355480615
 10        0.00363426405910913545      -0.01876719833955939332       0.01836316093354554979      -0.06462111203355480615       0.21368800317857314375
 11       -0.00069818283803832959       0.00477684765740422901      -0.02298689248074710020       0.02321073081372433330      -0.07697665646204759904
 12        0.00011399290967389089      -0.00095901730419164144       0.00609619696493558100      -0.02761748054821377973       0.02868923869502990054
 13       -0.00001645189281862323       0.00016316906314647615      -0.00127376602217870024       0.00760055063175975407      -0.03266858386143542403
 14        0.00000214997504994765      -0.00002447156252708419       0.00022505922623310484      -0.00164711205726770496       0.00929836274398749066
 15       -0.00000025851851759320       0.00000331475057641732      -0.00003497203764987949       0.00030133085716095196      -0.00208380960617046435
 16        0.00000002892933273692      -0.00000041217585563191       0.00000489748021697152      -0.00004839052113956446       0.00039371976044811361
 17       -0.00000000303865753908       0.00000004760074982235      -0.00000062836449531393       0.00000699051393929406      -0.00006519769980702946
 18        0.00000000030168311907      -0.00000000515046839996       0.00000007474416516549      -0.00000092364794682488       0.00000969683389300064
 19       -0.00000000002843236402       0.00000000052574815795      -0.00000000831665513534       0.00000011296802504351      -0.00000131714649488913
 20        0.00000000000243448265      -0.00000000005089799913       0.00000000087183451337      -0.00000001290605233063       0.00000016538455533057
 21       -0.00000000000021899956       0.00000000000467405231      -0.00000000008654312898       0.00000000138712617117      -0.00000001937307208844
 22        0.00000000000014228691      -0.00000000000041140162       0.00000000000801690176      -0.00000000014105091009       0.00000000213257383350
 23       -0.00000000000000215191       0.00000000000003610900      -0.00000000000073559738       0.00000000001359228810      -0.00000000022185955581
 24       -0.00000000000010832672      -0.00000000000000454162       0.00000000000020624238      -0.00000000000126605653       0.00000000002183277116
 25        0.00000000000000059356       0.00000000000001802645      -0.00000000000001330705       0.00000000000019075012      -0.00000000000210514687
 26        0.00000000000007822145      -0.00000000000000229963      -0.00000000000009294706      -0.00000000000003013213       0.00000000000033429204
 27       -0.00000000000000233336      -0.00000000000002694629      -0.00000000000000485642      -0.00000000000004936066      -0.00000000000006408188
 28       -0.00000000000003403271      -0.00000000000000131697       0.00000000000005557749      -0.00000000000001007382      -0.00000000000001899682
 29        0.00000000000000189671       0.00000000000003921463      -0.00000000000000127060       0.00000000000007248144       0.00000000000000340562
 30       -0.00000000000001522633       0.00000000000000153723       0.00000000000000084747       0.00000000000001112547      -0.00000000000002845722

  1        0.00000000050829452637      -0.00000000004440415587       0.00000000000364439961      -0.00000000000029807875       0.00000000000009983742
  2       -0.00000001767048169174       0.00000000169847309638      -0.00000000015489525132       0.00000000001347594141      -0.00000000000112578318
  3        0.00000039096723201594      -0.00000004178896875424       0.00000000419215556258      -0.00000000039767472272       0.00000000003600020716
  4       -0.00000627086755857214       0.00000075564279869134      -0.00000008427929200887       0.00000000879340076264      -0.00000000086507378504
  5        0.00007592989903459244      -0.00001050884310814479       0.00000132103375077221      -0.00000015321066285021       0.00000001657612713923
  6       -0.00069818283803832959       0.00011399290967389089      -0.00001645189281862323       0.00000214997504994765      -0.00000025851851759320
  7        0.00477684765740422901      -0.00095901730419164144       0.00016316906314647615      -0.00002447156252708419       0.00000331475057641732
  8       -0.02298689248074710020       0.00609619696493558100      -0.00127376602217870024       0.00022505922623310484      -0.00003497203764987949
  9        0.02321073081372433330      -0.02761748054821377973       0.00760055063175975407      -0.00164711205726770496       0.00030133085716095196
 10       -0.07697665646204759904       0.02868923869502990054      -0.03266858386143542403       0.00929836274398749066      -0.00208380960617046435
 11        0.24061447366914304191      -0.09032019647493905179       0.03481873563585928533      -0.03815092556943022739       0.01119830987512009449
 12       -0.09032019647493905179       0.26848391691496836797      -0.10466252465773652480       0.04161971265653133245      -0.04407616117540000267
 13        0.03481873563585928533      -0.10466252465773652480       0.29732326169020567574      -0.12001717443281414988       0.04911310837410436114
 14       -0.03815092556943022739       0.04161971265653133245      -0.12001717443281414988       0.32715999218112890023      -0.13639995352376182991
 15        0.01119830987512009449      -0.04407616117540000267       0.04911310837410436114      -0.13639995352376182991       0.35802215711852214408
 16       -0.00258869714076237923       0.01330929680831427139      -0.05045675717988541004       0.05732031669887859004      -0.15382860451029808924
 17        0.00050403182187590582      -0.00316670823903777857       0.01564046168506685874      -0.05730590278695038564       0.06626319462001831195
 18       -0.00008589828835804976       0.00063414475021851134      -0.00382288078994392263       0.01820118091006223127      -0.06463744482887884280
 19        0.00001313046385485294      -0.00011103164071964646       0.00078600984239033864      -0.00456236501740277939       0.02100107395676032579
 20       -0.00000183071505492163       0.00001741689098400105      -0.00014117241994477612       0.00096165377128966541      -0.00539043062681359483
 21        0.00000023566351456127      -0.00000248912411393191       0.00002269349396049673      -0.00017693131985698179       0.00116318040528987521
 22       -0.00000002826950688507       0.00000032808452559070      -0.00000332024406506363       0.00002910998396398453      -0.00021895583313289552
 23        0.00000000318334671803      -0.00000004025709427981       0.00000044759447055298      -0.00000435523323208591       0.00003682885403558388
 24       -0.00000000033852686229       0.00000000463275858439      -0.00000005612088533648       0.00000059986492755789      -0.00000562872965766952
 25        0.00000000003415718044      -0.00000000050316076497       0.00000000659412867882      -0.00000007678329880176       0.00000079135187911745
 26       -0.00000000000340328417       0.00000000005203841028      -0.00000000073081100764       0.00000000920342784173      -0.00000010331889520000
 27        0.00000000000056864141      -0.00000000000531223487       0.00000000007706972005      -0.00000000103988422238       0.00000001262315311781
 28       -0.00000000000009005776       0.00000000000067861942      -0.00000000000795557913       0.00000000011177634706      -0.00000000145252991795
 29       -0.00000000000015613397      -0.00000000000004807914       0.00000000000092348212      -0.00000000001136853392       0.00000000015797205949
 30        0.00000000000006087247      -0.00000000000017955623       0.00000000000017466248       0.00000000000053621702      -0.00000000001562256106

  1       -0.00000000000000270337      -0.00000000000006793722       0.00000000000000156253       0.00000000000004470523      -0.00000000000000182827
  2        0.00000000000015439754      -0.00000000000000437637      -0.00000000000012336105      -0.00000000000000133027       0.00000000000016369774
  3       -0.00000000000309355805       0.00000000000015211060      -0.00000000000001784894       0.00000000000006050349      -0.00000000000000287134
  4        0.00000000008075082726      -0.00000000000718318046       0.00000000000059581272      -0.00000000000004986357       0.00000000000001797588
  5       -0.00000000168689544914       0.00000000016261078278      -0.00000000001489882112       0.00000000000124263377      -0.00000000000010692363
  6        0.00000002892933273692      -0.00000000303865753908       0.00000000030168311907      -0.00000000002843236402       0.00000000000243448265
  7       -0.00000041217585563191       0.00000004760074982235      -0.00000000515046839996       0.00000000052574815795      -0.00000000005089799913
  8        0.00000489748021697152      -0.00000062836449531393       0.00000007474416516549      -0.00000000831665513534       0.00000000087183451337
  9       -0.00004839052113956446       0.00000699051393929406      -0.00000092364794682488       0.00000011296802504351      -0.00000001290605233063
 10        0.00039371976044811361      -0.00006519769980702946       0.00000969683389300064      -0.00000131714649488913       0.00000016538455533057
 11       -0.00258869714076237923       0.00050403182187590582      -0.00008589828835804976       0.00001313046385485294      -0.00000183071505492163
 12        0.01330929680831427139      -0.00316670823903777857       0.00063414475021851134      -0.00011103164071964646       0.00001741689098400105
 13       -0.05045675717988541004       0.01564046168506685874      -0.00382288078994392263       0.00078600984239033864      -0.00014117241994477612
 14        0.05732031669887859004      -0.05730590278695038564       0.01820118091006223127      -0.00456236501740277939       0.00096165377128966541
 15       -0.15382860451029808924       0.06626319462001831195      -0.06463744482887884280       0.02100107395676032579      -0.00539043062681359483
 16        0.38993837903866968020      -0.17232255249062694569       0.07596407008546933459      -0.07246583934144332217       0.02405000815459974045
 17       -0.17232255249062694569       0.42293786366824309697      -0.19190271416187676401       0.08644574998847369407      -0.08080611531464762520
 18        0.07596407008546933459      -0.19190271416187676401       0.45705040944041969153      -0.21259135127089104356       0.09773152826086142775
 19       -0.07246583934144332217       0.08644574998847369407      -0.21259135127089104356       0.49230641713991318831      -0.23441195680357812536
 20        0.02405000815459974045      -0.08080611531464762520       0.09773152826086142775      -0.23441195680357812536       0.52873689967917580912
 21       -0.00631247328815232045       0.02735810349327487401      -0.08967384750710444274       0.10984519407677725833      -0.25738916578279108505
 22        0.00139277265677698959      -0.00733402061082111950       0.03093573746703062038      -0.09908513611904026797       0.12281104017090324620
 23       -0.00026793106146002035       0.00165269436210557612      -0.00846073772541772531       0.03479354997360245561      -0.10905659173387488581
 24        0.00004602583865244418      -0.00032458056438254269       0.00194529219538954736      -0.00969843255934727325       0.03894244827035066303
 25       -0.00000717904682672903       0.00005689038501230408      -0.00038966724398942373       0.00227299761169320576      -0.01105306087360652043
 26        0.00000102935868876902      -0.00000904837335899354       0.00006962613145591247      -0.00046399426365001720       0.00263832882807588272
 27       -0.00000013696979605148       0.00000132209808614400      -0.00001128297715868308       0.00008445140092927107      -0.00054840599989356147
 28        0.00000001704364202779      -0.00000017916207633713       0.00000167876069475596      -0.00001393341478392603       0.00010159970244969695
 29       -0.00000000199527291194       0.00000002268895188670      -0.00000023152356272790       0.00000210958260698942      -0.00001705474665484429
 30        0.00000000021927890102      -0.00000000270012144262       0.00000002981946719499      -0.00000029590321858202       0.00000262592024013436

  1       -0.00000000000001155268       0.00000000000000177865      -0.00000000000002557592      -0.00000000000000148505       0.00000000000006093260
  2       -0.00000000000000002133      -0.00000000000017791808       0.00000000000000120502       0.00000000000016522245      -0.00000000000000211312
  3       -0.00000000000000078772       0.00000000000000266869      -0.00000000000006127978      -0.00000000000000219001       0.00000000000011802827
  4       -0.00000000000000033189      -0.00000000000001039020       0.00000000000000017789       0.00000000000000486987      -0.00000000000000026721
  5        0.00000000000001991068      -0.00000000000000265378       0.00000000000004271988       0.00000000000000167258      -0.00000000000009220544
  6       -0.00000000000021899956       0.00000000000014228691      -0.00000000000000215191      -0.00000000000010832672       0.00000000000000059356
  7        0.00000000000467405231      -0.00000000000041140162       0.00000000000003610900      -0.00000000000000454162       0.00000000000001802645
  8       -0.00000000008654312898       0.00000000000801690176      -0.00000000000073559738       0.00000000000020624238      -0.00000000000001330705
  9        0.00000000138712617117      -0.00000000014105091009       0.00000000001359228810      -0.00000000000126605653       0.00000000000019075012
 10       -0.00000001937307208844       0.00000000213257383350      -0.00000000022185955581       0.00000000002183277116      -0.00000000000210514687
 11        0.00000023566351456127      -0.00000002826950688507       0.00000000318334671803      -0.00000000033852686229       0.00000000003415718044
 12       -0.00000248912411393191       0.00000032808452559070      -0.00000004025709427981       0.00000000463275858439      -0.00000000050316076497
 13        0.00002269349396049673      -0.00000332024406506363       0.00000044759447055298      -0.00000005612088533648       0.00000000659412867882
 14       -0.00017693131985698179       0.00002910998396398453      -0.00000435523323208591       0.00000059986492755789      -0.00000007678329880176
 15        0.00116318040528987521      -0.00021895583313289552       0.00003682885403558388      -0.00000562872965766952       0.00000079135187911745
 16       -0.00631247328815232045       0.00139277265677698959      -0.00026793106146002035       0.00004602583865244418      -0.00000717904682672903
 17        0.02735810349327487401      -0.00733402061082111950       0.00165269436210557612      -0.00032458056438254269       0.00005689038501230408
 18       -0.08967384750710444274       0.03093573746703062038      -0.00846073772541772531       0.00194529219538954736      -0.00038966724398942373
 19        0.10984519407677725833      -0.09908513611904026797       0.03479354997360245561      -0.00969843255934727325       0.00227299761169320576
 20       -0.25738916578279108505       0.12281104017090324620      -0.10905659173387488581       0.03894244827035066303      -0.01105306087360652043
 21        0.56637349200916076164      -0.28154868487056639026       0.13665387126746658675      -0.11960532436406848267       0.04339361200067803903
 22       -0.28154868487056639026       0.60524846116052810618      -0.30691723655346808686       0.15139901262961713568      -0.13074893573668788793
 23        0.13665387126746658675      -0.30691723655346808686       0.64539471642473722479      -0.33352251478995070810       0.16707231872415556628
 24       -0.11960532436406848267       0.15139901262961713568      -0.33352251478995070810       0.68684581967002666936      -0.36139314977745151669
 25        0.04339361200067803903      -0.13074893573668788793       0.16707231872415556628      -0.36139314977745151669       0.72963599580328497574
 26       -0.01253073111397245282       0.04815849828760213058      -0.14250551416820173012       0.18370018201248478062      -0.39055868005619032157
 27        0.00304389283612031478      -0.01413770911909265592       0.05324884690626136008      -0.15489363153174967591       0.20130954186193661393
 28       -0.00064378902690058817       0.00349238745530516077      -0.01588042271845549469       0.05867668552978375085      -0.16793234193144690458
 29        0.00012132024923810850      -0.00075107313210801517       0.00398660341971697561      -0.01776546624456151052       0.06445433504922312706
 30       -0.00002070675756497302       0.00014387848528216038      -0.00087123235972138440       0.00452942649818167693      -0.01979960497876984832

  1        0.00000000000000103351      -0.00000000000008967841      -0.00000000000000050110       0.00000000000010828623      -0.00000000000000004877
  2       -0.00000000000012826710       0.00000000000000267870       0.00000000000007259477      -0.00000000000000289625      -0.00000000000000545514
  3        0.00000000000000145836      -0.00000000000016183089      -0.00000000000000064053       0.00000000000018768988      -0.00000000000000018982
  4        0.00000000000000188936       0.00000000000000017922      -0.00000000000000890770      -0.00000000000000018925       0.00000000000001577102
  5       -0.00000000000000147356       0.00000000000013174058       0.00000000000000051209      -0.00000000000015565467       0.00000000000000020871
  6        0.00000000000007822145      -0.00000000000000233336      -0.00000000000003403271       0.00000000000000189671      -0.00000000000001522633
  7       -0.00000000000000229963      -0.00000000000002694629      -0.00000000000000131697       0.00000000000003921463       0.00000000000000153723
  8       -0.00000000000009294706      -0.00000000000000485642       0.00000000000005557749      -0.00000000000000127060       0.00000000000000084747
  9       -0.00000000000003013213      -0.00000000000004936066      -0.00000000000001007382       0.00000000000007248144       0.00000000000001112547
 10        0.00000000000033429204      -0.00000000000006408188      -0.00000000000001899682       0.00000000000000340562      -0.00000000000002845722
 11       -0.00000000000340328417       0.00000000000056864141      -0.00000000000009005776      -0.00000000000015613397       0.00000000000006087247
 12        0.00000000005203841028      -0.00000000000531223487       0.00000000000067861942      -0.00000000000004807914      -0.00000000000017955623
 13       -0.00000000073081100764       0.00000000007706972005      -0.00000000000795557913       0.00000000000092348212       0.00000000000017466248
 14        0.00000000920342784173      -0.00000000103988422238       0.00000000011177634706      -0.00000000001136853392       0.00000000000053621702
 15       -0.00000010331889520000       0.00000001262315311781      -0.00000000145252991795       0.00000000015797205949      -0.00000000001562256106
 16        0.00000102935868876902      -0.00000013696979605148       0.00000001704364202779      -0.00000000199527291194       0.00000000021927890102
 17       -0.00000904837335899354       0.00000132209808614400      -0.00000017916207633713       0.00000002268895188670      -0.00000000270012144262
 18        0.00006962613145591247      -0.00001128297715868308       0.00000167876069475596      -0.00000023152356272790       0.00000002981946719499
 19       -0.00046399426365001720       0.00008445140092927107      -0.00001393341478392603       0.00000210958260698942      -0.00000029590321858202
 20        0.00263832882807588272      -0.00054840599989356147       0.00010159970244969695      -0.00001705474665484429       0.00000262592024013436
 21       -0.01253073111397245282       0.00304389283612031478      -0.00064378902690058817       0.00012132024923810850      -0.00002070675756497302
 22        0.04815849828760213058      -0.01413770911909265592       0.00349238745530516077      -0.00075107313210801517       0.00014387848528216038
 23       -0.14250551416820173012       0.05324884690626136008      -0.01588042271845549469       0.00398660341971697561      -0.00087123235972138440
 24        0.18370018201248478062      -0.15489363153174967591       0.05867668552978375085      -0.01776546624456151052       0.00452942649818167693
 25       -0.39055868005619032157       0.20130954186193661393      -0.16793234193144690458       0.06445433504922312706      -0.01979960497876984832
 26        0.77380014337218161469      -0.42104953057370531067       0.21992789357765885061      -0.18164118178275079352       0.07059441496671901850
 27       -0.42104953057370531067       0.81937384530777657154      -0.45289699563744606481       0.23958329755379650927      -0.19604017106568810691
 28        0.21992789357765885061      -0.45289699563744606481       0.86639337980636310643      -0.48613322591477425849       0.26030438854688653372
 29       -0.18164118178275079352       0.23958329755379650927      -0.48613322591477425849       0.91489573135349311350      -0.52079121881833689844
 30        0.07059441496671901850      -0.19604017106568810691       0.26030438854688653372      -0.52079121881833689844       0.96491860190819578325
