0.00  5.8665000000000002E-003  6.8665000000000002E-003
0.02  5.7980128165229438E-003  6.9244271878210759E-003
0.04  5.6240160468791446E-003  7.0664763499530573E-003
0.06  5.3891066504918707E-003  7.2472183635947044E-003
0.08  5.1157439788564220E-003  7.4427016628905848E-003
0.10  4.8117732018991173E-003  7.6427405525430160E-003
0.12  4.4780718624969611E-003  7.8429278266673487E-003
0.14  4.1113001640083998E-003  8.0412595693351747E-003
0.16  3.7040123903100256E-003  8.2368037922746357E-003
0.18  3.2425625721186528E-003  8.4291418582139958E-003
0.20  2.7005068881089992E-003  8.6181150518704411E-003
0.22  2.0148173574228434E-003  8.8037012396052858E-003
0.24  9.0405979803283233E-004  8.9859512786115668E-003
0.00  5.8665000000000002E-003  6.8665000000000002E-003
0.02  5.7980128165229438E-003  6.9244271878210759E-003
0.04  5.6240160468791446E-003  7.0664763499530573E-003
0.06  5.3891066504918707E-003  7.2472183635947044E-003
0.08  5.1157439788564220E-003  7.4427016628905848E-003
0.10  4.8117732018991173E-003  7.6427405525430160E-003
0.12  4.4780718624969611E-003  7.8429278266673487E-003
0.14  4.1113001640083998E-003  8.0412595693351747E-003
0.16  3.7040123903100256E-003  8.2368037922746357E-003
0.18  3.2425625721186528E-003  8.4291418582139958E-003
0.20  2.7005068881089992E-003  8.6181150518704411E-003
0.22  2.0148173574228434E-003  8.8037012396052858E-003
0.24  9.0405979803283233E-004  8.9859512786115668E-003
0.00  5.8665000000000002E-003  6.8665000000000002E-003
0.02  5.7980128165229438E-003  6.9244271878210759E-003
0.04  5.6240160468791446E-003  7.0664763499530573E-003
0.06  5.3891066504918707E-003  7.2472183635947044E-003
0.08  5.1157439788564220E-003  7.4427016628905848E-003
0.10  4.8117732018991173E-003  7.6427405525430160E-003
0.12  4.4780718624969611E-003  7.8429278266673487E-003
0.14  4.1113001640083998E-003  8.0412595693351747E-003
0.16  3.7040123903100256E-003  8.2368037922746357E-003
0.18  3.2425625721186528E-003  8.4291418582139958E-003
0.20  2.7005068881089992E-003  8.6181150518704411E-003
0.22  2.0148173574228434E-003  8.8037012396052858E-003
0.24  9.0405979803283233E-004  8.9859512786115668E-003
0.00  5.8665000000000002E-003  6.8665000000000002E-003
0.02  5.7980128165229438E-003  6.9244271878210759E-003
0.04  5.6240160468791446E-003  7.0664763499530573E-003
0.06  5.3891066504918707E-003  7.2472183635947044E-003
0.08  5.1157439788564220E-003  7.4427016628905848E-003
0.10  4.8117732018991173E-003  7.6427405525430160E-003
0.12  4.4780718624969611E-003  7.8429278266673487E-003
0.14  4.1113001640083998E-003  8.0412595693351747E-003
0.16  3.7040123903100256E-003  8.2368037922746357E-003
0.18  3.2425625721186528E-003  8.4291418582139958E-003
0.20  2.7005068881089992E-003  8.6181150518704411E-003
0.22  2.0148173574228434E-003  8.8037012396052858E-003
0.24  9.0405979803283233E-004  8.9859512786115668E-003
0.00  5.8665000000000002E-003  6.8665000000000002E-003
0.02  5.7980128165229438E-003  6.9244271878210759E-003
0.04  5.6240160468791446E-003  7.0664763499530573E-003
0.06  5.3891066504918707E-003  7.2472183635947044E-003
0.08  5.1157439788564220E-003  7.4427016628905848E-003
0.10  4.8117732018991173E-003  7.6427405525430160E-003
0.12  4.4780718624969611E-003  7.8429278266673487E-003
0.14  4.1113001640083998E-003  8.0412595693351747E-003
0.16  3.7040123903100256E-003  8.2368037922746357E-003
0.18  3.2425625721186528E-003  8.4291418582139958E-003
0.20  2.7005068881089992E-003  8.6181150518704411E-003
0.22  2.0148173574228434E-003  8.8037012396052858E-003
0.24  9.0405979803283233E-004  8.9859512786115668E-003
0.00  5.8665000000000002E-003  6.8665000000000002E-003
0.02  5.7980128165229438E-003  6.9244271878210759E-003
0.04  5.6240160468791446E-003  7.0664763499530573E-003
0.06  5.3891066504918707E-003  7.2472183635947044E-003
0.08  5.1157439788564220E-003  7.4427016628905848E-003
0.10  4.8117732018991173E-003  7.6427405525430160E-003
0.12  4.4780718624969611E-003  7.8429278266673487E-003
0.14  4.1113001640083998E-003  8.0412595693351747E-003
0.16  3.7040123903100256E-003  8.2368037922746357E-003
0.18  3.2425625721186528E-003  8.4291418582139958E-003
0.20  2.7005068881089992E-003  8.6181150518704411E-003
0.22  2.0148173574228434E-003  8.8037012396052858E-003
0.24  9.0405979803283233E-004  8.9859512786115668E-003
0.00  5.8665000000000002E-003  6.8665000000000002E-003
0.02  5.7980128165229438E-003  6.9244271878210759E-003
0.04  5.6240160468791446E-003  7.0664763499530573E-003
0.06  5.3891066504918707E-003  7.2472183635947044E-003
0.08  5.1157439788564220E-003  7.4427016628905848E-003
0.10  4.8117732018991173E-003  7.6427405525430160E-003
0.12  4.4780718624969611E-003  7.8429278266673487E-003
0.14  4.1113001640083998E-003  8.0412595693351747E-003
0.16  3.7040123903100256E-003  8.2368037922746357E-003
0.18  3.2425625721186528E-003  8.4291418582139958E-003
0.20  2.7005068881089992E-003  8.6181150518704411E-003
0.22  2.0148173574228434E-003  8.8037012396052858E-003
0.24  9.0405979803283233E-004  8.9859512786115668E-003
0.00  5.8665000000000002E-003  6.8665000000000002E-003
0.02  5.7980128165229438E-003  6.9244271878210759E-003
0.04  5.6240160468791446E-003  7.0664763499530573E-003
0.06  5.3891066504918707E-003  7.2472183635947044E-003
0.08  5.1157439788564220E-003  7.4427016628905848E-003
0.10  4.8117732018991173E-003  7.6427405525430160E-003
0.12  4.4780718624969611E-003  7.8429278266673487E-003
0.14  4.1113001640083998E-003  8.0412595693351747E-003
0.16  3.7040123903100256E-003  8.2368037922746357E-003
0.18  3.2425625721186528E-003  8.4291418582139958E-003
0.20  2.7005068881089992E-003  8.6181150518704411E-003
0.22  2.0148173574228434E-003  8.8037012396052858E-003
0.24  9.0405979803283233E-004  8.9859512786115668E-003
